env {
	  execution.parallelism = 1
	  job.mode = "BATCH"
	}
	source {
	  Http {
	result_table_name = "http"
	url = "http://10.1.213.148:8081/InterfaceCore/LQServlet/detailsList"
	method = "GET"
	headers = {
	    Cookie= "JSESSIONID=35D50906AE3C3282D8299C8C63EDD750"
	}
	 params{
	  yjId="[3,725,1292,1777,2474,3806,4782,5740,6632,7500,7748,7891,8127,9131,9732,10313,10893,11477,12050,12598,14037,15523,17058,23631,23753,25004,26290,27636,28975,29026,29028,30552,30554,32104,32105,33753,33754,35435,35436,37063,37065,38570,38572,40220,40222,41960,41962,43788,43791,45595,45597,75994,82171,120349,120375,120378,120381,120382,120383,120504,120614,120733,120766,120801,120826,120892,120981,121098,121290,121302,121366,121410,121418,121508,121513,121533,121567,121747,121876,121878,121925,121942,121973,122008,122087,122389,122401,122417,122474,122506,122565,122585,122796,122831,122839,122864,122867,122924,122995,123013,123069,123158,123163,123174,123188,123206,123250,123269,123389,123404,123420,123499,123522,123559,123751,123839,123977,123978,124014,124015,124155,124290,124350,124417,124458,124461,124478,124556,124632,124729,124848,124881,124962,125030,125033,125034,125035,125038,125074,125198,125528,125552,125554,125563,125715,125722,125772,126067,126068,126070,126101,126138,126233,126248,126288,126321,126362,126377,126411,126415,126446,126532,126552,126627,126688,126737,126813,126960,127041,127074,127075,127146,127211,127287,127321,127382,127573,127578,127635,127689,127758,128001,128002,128004,128100,128167,128235,128236,128245,128451,128670,128690,128706,128721,128753,128769,128964,129091,129112,129118,129120,129123,129242,129246,129248,129259,129293,129294,129296,129358,129365,129417,129419,129443,129449,129491,129615,129686,129933,129949,129979,129980,129996,130098,130266,130367,130411,130412,130417,130475,130559,130596,130843,130974,130994,131050,131066,131152,131170,131190,131196,131204,131222,131441,131774,131796,131803,131817,131857,131982,132018,132161,132175,132243,132303,132321,132340,132403,132505,132541,132545,132553,132600,132680,132753,132939,132953,133102,133152,133153,133154,133170,133261,133510,133675,133741,133771,133772,133785,133842,134103,134166,134293,134338,134347,134450,134456,134571,134658,134681,134709,134714,134873,134952,134960,134973,134976,134977,135000,135001,135003,135014,135047,135216,135441,135473,135497,135502,135516,135518,135797,135896,135960,136018,136081,136177,136249,136277,136286,136295,136370,136399,136437,136442,136443,136485,136815,136816,136822,136827,136831,136968,137202,137224,137363,137483,137526,137527,137580,137626,137787,138037,138038,138093,138094,138100,138121,138149,138574,138671,138705,138740,138761,138928,138942,139140,139198,139211,139216,139248,139294,139353,139381,139390,139526,139644,139652,139665,139808,139851,139931,140197,140265,140295,140298,140342,140386,140396,140530,140531,140792,140846,140894,140923,140953,141121,141197,141220,141299,141312,141404,141466,141532,141716,141834,142030,142138,142139,142264,142269,142347,142348,142391,142822,143009,143017,143041,143179,143187,143388,143662,143757,144025,144084,144250,144262,144557,144886,144901,144904,144923,145315,145422,145601,145658,145660,145699,145805,145960,145992,146261,146307,146334,146361,146379,146524,146525,146600,146845,147112,147142,147167,147226,147272,147363,147618,147772,147821,147863,147960,147992,148047,148214,148417,148461,148472,148556,148557,148697,148790,148958,149010,149021,149040,149063,149068,149260,149372,149373,149400,149514,149569,149611,149681,149798,149806,149812,149945,149957,149987,150062,150067,150172,150272,150481,150604,150633,150651,150678,150734,150804,151029,151047,151050,151263,151271,151319,151321,151364,151371,151474,151689,151780,151820,151859,151965,152057,152202,152410,152413,152418,152421,152502,152590,152727,152802,152938,152955,152970,153086,153157,153355,153377,153386,153467,153566,153571,153716,153746,153794,153873,153895,153961,154169,154212,154462,154483,154496,154529,154547,154550,154556,154638,154683,155000,155010,155065,155119,155205,155253,155281,155386,155700,155732,155733,155756,155835,155863,155882,155926,156230,156274,156275,156276,156287,156301,156361,156775,156843,156879,156977,156993,157077,157078,157081,157093,157283,157293,157336,157355,157374,157528,157736,157742,157800,157923,157968,158020,158240,158498,158568,158621,158692,158720,158813,159066,159282,159285,159305,159397,159506,159582,159583,159630,159868,159993,160078,160084,160098,160174,160175,160182,160312,160367,160532,160617,160631,160648,160666,160717,160879,161066,161067,161307,161355,161377,161410,161411,161517,161602,161677,161833,161864,161885,161886,161891,161916,162104,162176,162333,162341,162364,162449,162480,162482,162496,162584,162927,162945,163005,163060,163327,163523,163550,163571,163594,163602,163792,164040,164056,164077,164089,164098,164162,164228,164518,164718,164736,164743,164771,164813,164908,165043,165123,165296,165321,165441,165448,165466,165505,165515,165544,165600,165956,165972,165999,166115,166127,166278,166280,166387,166574,166575,166595,166877,166959,167003,167333,167344,167425,167477,167572,167746,167952,168059,168120,168166,168210,168327,168414,168691,168785,168829,168831,168890,168897,169046,169189,169294,169330,169634,169641,169646,169659,169663,169789,169870,170143,170446,170518,170642,170656,170673,170889,170890,171233,171301,171352,171445,171601,171669,171721,171868,171891,171999,172034,172095,172152,172614,172620,172669,172742,172936,173025,173221,173222,173377,173441,173480,173528,173909,173940,173961,174007,174040,174053,174069,174624,174635,174656,174681,174683,174729,174801,174977,175112,175126,175225,175237,175549,175589,175673,175782,175858,175868,175932,176024,176054,176091,176255,176262,176478,176492,176527,176562,176758,176767,176987,177060,177070,177083,177115,177249,177326,177587,177607,177618,177877,178019,178036,178117,178190,178237,178257,178272,178314,178458,178577,178803,178809,178854,179080,179106,179159,179189,179245,179253,179272,179313,179315,179600,179620,179686,179695,179826,179932,179933,180085,180161,180392,180393,180394,180423,180445,180506,180597,180624,180800,180806,180950,181079,181108,181111,181121,181168,181554,181737,181738,181798,181843,181855,181891,182050,182193,182219,182554,182565,182573,182574,182647,182832,182844,182866,182976,183048,183049,183227,183228,183405,183427,183437,183466,183467,183567,183740,183764,183767,183840,183844,183974,183995,183996,184054,184197,184230,184287,184307,184308,184373,184450,184451,184815,184944,185009,185034,185074,185099,185113,185305,185611,185684,185695,185735,185744,185779,185839,186063,186111,186133,186300,186309,186337,186400,186432,186481,186514,186739,186772,186792,186828,186904,186940,186979,187027,187036,187074,187231,187429,187457,187472,187476,187614,187673,187805,187864,187878,187933,187957,187981,187999,188028,188060,188101,188212,188360,188504,188524,188657,188697,188720,188761,188820,188942,188974,188980,189037,189062,189108,189187,189326,189379,189417,189458,189493,189505,189567,189617,189724,189755,189796,189800,189854,190038,190224,190257,190261,190412,190419,190486,190534,190717,190742,190778,190789,190884,190912,191019,191057,191058,191143,191157,191310,191388,191403,191519,191582,191688,191943,192011,192134,192184,192233,192241,192316,192415,192467,192722,192775,192791,192843,192986,193187,193251,193338,193393,193408,193426,193446,193513,193526,193681,193715,193716,193724,194039,194050,194077,194095,194161,194172,194237,194598,194764,194771,194780,194786,194796,194929,195129,195225,195371,195428,195477,195494,195593,195722,195794,195909,195971,196076,196098,196174,196248,196312,196680,196703,196728,196731,196738,196838,196841,196854,196855,196978,197214,197342,197440,197475,197497,197527,197589,197617,197619,197870,197871,197944,198140,198163,198170,198226,198248,198263,198544,198783,198805,198832,198969,198977,199008,199037,199211,199340,199382,199506,199514,199563,199566,199577,199621,199751,199881,199958,200006,200011,200172,200200,200333,200335,200401,200581,200604,200674,200691,200735,200743,200771,200806,200850,201058,201071,201268,201282,201297,201330,201361,201391,201576,201814,201822,201833,201845,201853,201900,202037,202188,202291,202387,202413,202414,202456,202530,202577,202632,202660,202717,202745,203082,203110,203123,203163,203218,203302,203312,203567,203682,203695,203715,203740,203790,204181,204276,204287,204296,204301,204305,204348,204452,204618,204677,204755,204772,204843,204893,205031,205186,205238,205299,205328,205329,205401,205445,205455,205688,205732,205839,205852,205883,205905,205932,206065,206083,206444,206505,206509,206580,206626,206670,206763,207082,207153,207186,207226,207228,207344,207372,207574,207667,207676,207794,207840,207856,207876,207877,207889,207900,208035,208064,208269,208333,208356,208365,208372,208399,208500,208858,208913,208940,208943,208983,209112,209124,209227,209241,209460,209494,209558,209756,209897,209924,210014,210062,210076,210077,210095,210114,210170,210253,210254,210281,210316,210545,210673,210682,210686,210754,210780,210890,211126,211127,211144,211314,211325,211354,211377,211419,211610,211683,211774,211901,211945,211952,212003,212094,212202,212295,212492,212497,212501,212574,212916,213012,213068,213101,213235,213294,213378,213504,213536,213538,213602,213713,213758,213777,213796,214191,214202,214237,214269,214311,214364,214394,214619,214693,214736,214992,214996,215050,215060,215110,215230,215290,215520,215713,215865,215909,215993,216003,216126,216279,216509,216646,216712,216735,216738,216743,216883,216935,217050,217062,217129,217463,217503,217665,217706,217920,217952,218003,218235,218253,218335,218424,218447,218800,218869,219095,219125,219261,219595,219696,219889,220055,220079,220141,220145,220199,220227,220228,220266,220568,220637,220656,220668,220745,220772,221039,221208,221210,221557,221564,221598,221637,221702,221811,221882,222046,222169,222484,222526,222593,222636,222750,222823,222894,222922,223174,223236,223312,223731,223748,223795,223971,224023,224083,224560,224708,225409,225592,225659,225660,225693,225788,225814,225821,226163,226165,226176,227191,227193,227198,227269,227285,227454,227769,227772,227858,228085,228678,228691,228785,228806,228879,228920,229138,229538,230142,230152,230313,230342,230384,230385,230388,230516,230575,230630,231364,231367,231415,231466,231527,231554,231747,231831,232358,232408,232444,232465,232476,232780,232966,233053,233084,233453,233458,233476,233563,233567,233790,234060,234448,234454,234456,234487,234500,234515,234616,234647,234901,234906,234942,234946,234998,235022,235546,235552,235572,235653,235698,235733,235734,235775,236344,236382,236390,236400,236464,236472,236645,236806,237013,237044,237077,237083,237148,237191,237320,237403,237674,237705,237789,238021,238053,238056,238341,238574,238642,238693,238739,238741,238879,238992,239056,239082,239432,239532,239545,239570,239640,239689,239815,240084,240097,240136,240173,240200,240247,240327,240397,240639,240704,240706,240727,240825,240833,241229,241313,241348,241399,241499,241504,241532,241635,241693,241964,241974,242047,242138,242229,242286,242467,242523,242579,242609,242855,242903,242998,242999,243081,243102,243115,243159,243174,243222,243241,243328,243373,243474,243515,243555,243568,243585,243699,243805,243895,243952,243968,244017,244019,244022,244058,244084,244167,244241,244284,244298,244304,244368,244403,244414,244782,244809,244822,244832,244947,244949,244987,244988,245108,245348,245350,245353,245375,245428,245552,245604,245605,245633,245747,245843,245867,245905,245908,246116,246301,246376,246395,246420,246425,246429,246496,246500,246555,246860,246960,246976,247017,247048,247117,247233,247311,247367,247416,247421,247609,247610,247659,247673,247677,247696,247700,247759,247793,248000,248001,248065,248087,248217,248248,248265,248286,248287,248377,248378,248584,248674,248778,248780,248785,248836,248840,248960,249178,249271,249311,249343,249396,249418,249464,249510,249523,249556,249894,249901,249903,249911,249925,250120,250136,250139,250140,250180,250463,250493,250504,250528,250646,250696,250720,250722,250919,250958,251013,251116,251137,251198,251298,251395,251446,251461,251486,251682,251700,251743,251752,251887,251996,252029,252088,252160,252321,252347,252398,252408,252430,252730,252731,252846,252934,252938,252940,252969,253087,253268,253324,253371,253416,253544,253552,253587,253612,253719,253720,253759,253889,253965,254058,254293,254375,254381,254386,254389,254433,254732,254743,254819,254826,254830,254871,254877,254880,254936,254954,255206,255247,255272,255275,255276,255328,255732,255819,255856,255907,255916,255940,255949,256019,256062,256089,256346,256524,256565,256584,256618,256622,256681,256784,256890,256891,257023,257127,257184,257185,257194,257218,257269,257270,257308,257672,257765,257775,257789,257863,257938,257950,258038,258184,258229,258285,258364,258379,258394,258517,258565,258600,258677,258733,258744,258770,258913,259025,259050,259092,259104,259130,259193,259558,259559,259569,259575,259613,259617,259704,259740,259940,260104,260154,260176,260388,260463,260579,260631,260640,260697,260740,260792,260819,260867,260880,261022,261077,261088,261105,261121,261185,261345,261351,261352,261450,261564,261581,261634,261730,261750,261767,261777,261781,261846,261851,261883,261884,261893,261895,261902,261932,262029,262042,262150,262187,262203,262230,262297,262314,262323,262344,262357,262364,262398,262436,262475,262480,262487,262499,262561,262567,262713,262777,262782,262792,262805,262847,262944,262981,263024,263061,263063,263071,263091,263098,263115,263146,263198,263399,263430,263431,263493,263553,263572,263612,263613,263631,263928,263942,263943,263993,264008,264122,264129,264131,264327,264365,264380,264406,264423,264513,264517,264664,264730,264861,264970,265000,265020,265045,265051,265053,265127,265152,265242,265351,265486,265564,265567,265594,265608,265736,265762,266030,266067,266135,266136,266195,266245,266276,266323,266383,266486,266487,266508,266534,266537,266577,266735,266737,266789,266830,266836,266845,266848,266849,266932,267072,267206,267310,267346,267374,267401,267440,267472,267519,267554,267589,267636,267749,267969,268039,268057,268070,268241,268247,268356,268546,268580,268581,268615,268657,268679,268712,268957,268983,268984,269211,269223,269230,269311,269318,269383,269655,269875,269911,270063,270070,270228,270229,270304,270331,270374,270429,270437,270498,270544,270651,270714,270716,270737,270789,270892,270922,270932,270947,270972,271358,271417,271437,271459,271489,271491,271606,271622,271745,271746,271957,272105,272145,272159,272167,272169,272177,272189,272203,272208,272706,272751,272766,272790,272800,272891,272894,273250,273381,273447,273449,273543,273574,273655,273741,273898,274049,274090,274132,274140,274238,274254,274451,274461,274550,274579,274623,274656,274681,274761,274805,275031,275046,275053,275060,275079,275148,275166,275326,275680,275700,275773,275782,275789,275850,275888,275889,276190,276283,276293,276331,276338,276352,276595,276703,276723,276927,276949,276955,276987,277458,277492,277567,277639,277643,277652,277661,277677,277746,277762,277859,278121,278234,278277,278426,278460,278486,278634,278701,278703,278743,278807,278808,278846,279122,279257,279277,279289,279290,279300,279609,279691,279915,279932,279959,279985,280009,280065,280346,280495,280597,280660,280679,280699,280840,280841,280842,280863,281156,281349,281361,281397,281406,281532,281541,281569,281609,281745,281985,282122,282154,282227,282271,282424,282657,282697,282714,282868,282903,282918,282977,283089,283248,283274,283294,283314,283316,283386,283417,283449,283454,283471,283671,283700,283703,283721,283864,283884,283991,283994,284096,284316,284447,284506,284532,284541,284590,284611,284734,285052,285065,285150,285190,285289,285311,285389,285453,285567,285796,285914,285915,285930,285941,286011,286019,286028,286209,286230,286402,286558,286574,286598,286612,286706,286729,286826,286832,286979,287114,287269,287286,287289,287302,287467,287468,287470,287574,287807,287835,287836,287842,287951,288067,288215,288241,288246,288284,288337,288350,288378,288402,288446,288447,288518,288623,288743,288935,289001,289053,289109,289130,289135,289216,289312,289361,289363,289379,289382,289755,289766,289770,289791,289887,289923,289956,290242,290317,290344,290358,290395,290426,290457,290537,290549,290611,290668,290688,291025,291032,291081,291084,291104,291134,291199,291212,291218,291724,291730,291731,291752,291836,291932,292171,292211,292233,292344,292348,292363,292476,292621,292632,292651,292676,292688,292697,292852,292943,292949,292950,293304,293343,293400,293466,293493,293645,293699,293705,293710,294055,294059,294067,294068,294165,294179,294435,294461,294657,294695,294764,294765,294776,294808,294874,294875,294876,295069,295326,295330,295351,295370,295392,295468,295472,295870,295918,295978,296115,296187,296194,296291,296372,296425,296439,296446,296474,296557,296644,296681,296841,296880,296897,296936,296964,297000,297030,297146,297149,297427,297428,297534,297539,297554,297588,297623,297642,297684,297770,298158,298207,298222,298282,298310,298364,298575,298636,298943,299023,299025,299053,299069,299184,299233,299269,299669,299675,299677,299679,299780,299784,299870,300281,300289,300315,300335,300386,300398,300403,300490,300633,300769,300801,300815,300830,300881,300886,300985,301029,301190,301223,301230,301254,301271,301362,301537,301547,301549,301562,301929,301978,301979,301992,302006,302034,302036,302067,302091,302534,302570,302592,302595,302636,302755,302774,302794,302798,302823,302825,303008,303015,303065,303073,303084,303135,303201,303272,303380,303713,303820,303837,303840,303942,304003,304010,304025,304043,304386,304390,304446,304468,304509,304637,304868,304869,305036,305048,305097,305139,305198,305213,305259,305307,305364,305399,305424,305514,305563,305623,305688,305696,306036,306084,306090,306123,306135,306211,306212,306228,306415,306452,306755,306792,306825,306865,306941,307095,307097,307100,307359,307375,307398,307448,307499,307501,307558,307584,307969,308042,308106,308161,308177,308302,308499,308604,308636,308637,308662,308664,308675,308696,308814,309039,309143,309144,309226,309266,309273,309318,309371,309476,309486,309499,309502,309523,309563,309581,309599,309801,309802,310084,310117,310144,310160,310200,310201,310222,310266,310477,310635,310693,310745,310760,310858,310914,310929,311157,311362,311367,311399,311434,311455,311494,311495,311523,311647,311655,311723,311938,311949,311954,311959,311976,312005,312087,312124,312281,312494,312514,312535,312543,312548,312550,312631,312678,312701,312954,312968,312969,313047,313153,313273,313429,313534,313536,313546,313601,313646,313654,313660,313688,314055,314056,314119,314132,314146,314193,314217,314260,314280,314575,314655,314714,314717,314745,314774,314801,314900,314904,315216,315218,315249,315300,315331,315357,315392,315415,315417,315426,315484,315522,315606,315821,315878,315939,315948,315987,315995,316097,316179,316354,316383,316384,316413,316433,316463,316500,316511,316603,316674,316705,316837,316840,316847,316872,316888,316943,317044,317133,317146,317158,317175,317199,317200,317208,317209,317364,317453,317538,317590,317603,317604,317632,317633,317657,317824,317840,317862,317871,317909,318039,318213,318234,318264,318270,318292,318351,318356,318393,318523,318637,318878,318880,318892,318904,318945,318957,319072,319156,319202,319203,319463,319518,319532,319578,319580,319588,319591,319620,319656,319742,320068,320096,320106,320130,320375,320491,320495,320510,320528,320538,320576,320594,320857,320858,321099,321102,321114,321127,321138,321140,321149,321347,321387,321611,321701,321716,321723,321777,321822,321841,321904,322182,322193,322196,322259,322273,322343,322344,322356,322517,322653,322724,322732,322733,322769,322783,322788,322817,322823,322981,323284,323308,323359,323490,323498,323522,323718,323768,323795,323821,323846,323865,323895,324120,324219,324249,324250,324256,324274,324368,324383,324409,324466,324571,324754,324782,324864,324865,324871,324887,324965,324966,325247,325319,325327,325381,325466,325513,325526,325705,325757,325796,325987,326055,326069,326089,326099,326104,326126,326334,326571,326626,326632,326649,326665,326668,326704,326752,326761,326763,326768,326875,327189,327217,327295,327302,327337,327424,327431,327499,327549,327657,327786,327799,327802,327817,327927,327960,328034,328052,328124,328125,328152,328236,328240,328262,328329,328472,328664,328677,328681,328708,328723,328756,328759,328806,328874,329031,329133,329214,329264,329296,329407,329458,329459,329517,329791,329818,329827,329850,329891,329916,329920,330017,330112,330232,330389,330392,330415,330429,330443,330502,330654,330680,330749,330791,330877,331021,331065,331083,331096,331113,331121,331389,331597,331647,331652,331666,331902,331933,332042,332044,332056,332058,332114,332163,332201,332250,332313,332432,332464,332639,332656,332685,332753,332759,332779,332829,332875,332942,333226,333245,333246,333275,333291,333321,333330,333354,333467,333468,333542,333886,333921,333929,333946,333955,333977,334088,334163,334521,334550,334570,334589,334608,334798,334799,334990,335045,335171,335175,335184,335215,335287,335325,335335,335476,335623,335660,335703,335751,335766,335804,335847,336058,336061,336092,336112,336115,336127,336281,336286,336305,336326,336452,336709,336712,336725,336730,336765,336776,337061,337246,337268,337277,337278,337343,337347,337370,337371,337400,337403,337409,337545,337925,337954,337958,338015,338058,338065,338134,338164,338187,338351,338449,338474,338596,338616,338636,338691,338755,338768,338797,338835,338836,338962,339044,339045,339083,339222,339265,339276,339331,339375,339400,339449,339645,339667,339725,339736,339818,339843,339893,339910,339950,339959,340106,340121,340122,340157,340226,340280,340352,340388,340431,340440,340683,340690,340718,340754,340769,340803,340829,340927,341232,341285,341300,341308,341310,341348,341352,341475,341530,341536,341557,341585,341684,341914,341916,341930,341934,341938,342038,342090,342093,342215,342276,342473,342623,342625,342630,342648,342666,342681,342714,342720,342966,342989,343273,343277,343329,343417,343442,343474,343498,343550,343552,343821,343850,343889,343904,343968,344019,344023,344067,344327,344331,344335,344345,344362,344368,344371,344401,344645,344876,344929,344958,344985,344986,345033,345083,345405,345490,345563,345574,345591,345639,345719,345738,345794,345818,345920,346106,346112,346174,346209,346349,346386,346411,346488,346538,346551,346578,346634,346680,346692,346741,346859,346880,346926,346951,346970,347021,347024,347046,347270,347281,347351,347358,347383,347440,347570,347659,347846,347890,347902,347917,347999,348062,348067,348094,348131,348197,348202,348402,348457,348467,348468,348518,348529,348733,348803,348831,348885,349025,349046,349131,349132,349152,349211,349428,349454,349690,349751,349752,349760,349771,349801,349802,349804,349805,350158,350290,350313,350326,350328,350343,350370,350384,350773,350777,350957,350997,351033,351059,351079,351093,351172,351350,351525,351572,351576,351579,351591,351657,351669,351733,351926,352053,352070,352097,352101,352112,352144,352173,352668,352683,352706,352714,352743,352754,352932,353035,353241,353277,353282,353307,353357,353377,353393,353422,353836,353871,353892,353978,353982,354008,354020,354030,354053,354087,354156,354403,354513,354606,354607,354693,354717,354795,355033,355134,355196,355232,355296,355309,355320,355424,355446,355540,355617,355680,355685,355766,355767,355790,355899,355975,356102,356113,356147,356198,356199,356249,356728,356757,356794,356815,356914,356966,357062,357088,357171,357426,357438,357470,357494,357521,357522,357524,357571,357648,357717,357874,357943,357971,357999,358008,358049,358085,358133,358182,358226,358501,358511,358513,358537,358597,358647,358661,358976,359018,359131,359142,359192,359238,359239,359304,359383,359583,359609,359620,359634,359732,359844,359929,360014,360045,360070,360091,360104,360208,360332,360369,360466,360529,360755,360778,360790,360811,361009,361023,361114,361298,361335,361386,361449,361456,361523,361614,361615,361775,361786,361994,362019,362031,362050,362108,362128,362224,362387,362494,362584,362594,362618,362624,362654,362661,362805,362925,363146,363175,363195,363212,363228,363429,363430,363454,363661,363668,363669,363683,363814,364005,364057,364100,364120,364148,364193,364217,364242,364282,364382,364657,364685,364691,364729,364751,364755,364782,364950,364964,364991,365085,365191,365192,365195,365232,365273,365332,365442,365472,365808,365813,365831,365832,365835,365839,365866,365880,365912,365998,366410,366411,366418,366432,366450,366538,366693,366890,366938,366947,366972,367306,367332,367347,367417,367461,367598,367629,367672,367681,367686,367721,367779,367894,367936,368041,368057,368140,368186,368188,368216,368307,368308,368339,368378,368389,368397,368483,368713,368719,368732,368761,368772,368798,368837,369039,369236,369276,369293,369323,369547,369622,369724,369727,369728,369741,369745,369771,370042,370113,370135,370229,370284,370285,370298,370319,370336,370425,370451,370536,370610,370619,370656,370657,370723,370741,370747,370773,370821,370823,370824,370999,371004,371035,371036,371050,371171,371198,371334,371416,371471,371473,371487,371524,371568,371805,371929,371946,371949,371952,372014,372022,372023,372213,372342,372420,372464,372501,372533,372574,372575,372584,372760,372977,373008,373026,373104,373128,373200,373262,373344,373543,373572,373585,373622,373681,373712,373733,373885,373929,373988,374003,374019,374026,374027,374029,374154,374229,374277,374325,374351,374355,374453,374464,374467,374636,374871,374892,374921,374928,374937,374981,375141,375185,375270,375274,375432,375445,375449,375463,375492,375561,375578,375604,375765,375993,376144,376145,376192,376248,376255,376269,376287,376291,376380,376381,376622,376655,376664,376681,376695,376791,376796,376842,376926,376927,376992,377296,377307,377367,377395,377421,377434,377450,377457,377458,377698,377726,377757,377792,377806,378122,378160,378203,378212,378224,378268,378354,378370,378763,378776,378786,378806,378815,378911,378946,379164,379335,379353,379375,379383,379486,379488,379515,379616,379617,379840,380005,380018,380035,380048,380053,380236,380316,380521,380566,380579,380608,380634,380635,380761,380832,380973,381003,381145,381157,381162,381165,381362,381377,381399,381467,381623,381647,381664,381691,381698,381699,381730,381790,381939,382004,382064,382076,382094,382117,382133,382146,382212,382277,382639,382647,382648,382727,382795,382864,382932,383249,383264,383274,383286,383289,383298,383372,383476,383477,383599,383601,383697,383855,383898,383902,383958,384017,384081,384118,384284,384293,384372,384388,384567,384587,384592,384667,384668,384706,384707,384878,385229,385266,385280,385304,385306,385538,385674,385686,385702,385747,385791,385852,385876,385905,386168,386172,386178,386198,386201,386299,386371,386372,386552,386646,386910,386917,386924,386937,386952,387087,387230,387295,387480,387673,387697,387708,387745,387760,387818,387947,387999,388028,388132,388294,388323,388349,388373,388401,388517,388534,388582,388697,388736,388808,388988,388996,388999,389002,389024,389028,389061,389205,389398,389586,389599,389634,389679,389682,389690,389691,389824,389888,390137,390158,390181,390201,390260,390482,390502,390633,390655,390705,390748,390756,390814,390914,390916,390987,391217,391227,391282,391332,391468,391505,391582,391677,391883,391929,391936,391946,391991,392006,392033,392070,392123,392194,392545,392554,392590,392624,392630,392739,392781,393057,393153,393164,393165,393202,393234,393306,393331,393412,393522,393810,393862,393899,394028,394056,394058,394078,394281,394345,394362,394441,394523,394534,394551,394577,394603,394743,394761,394768,394831,394833,394884,394885,395053,395368,395439,395443,395466,395468,395629,395653,395667,395766,395870,396059,396082,396093,396156,396232,396333,396611,396722,396753,396783,396790,396802,396819,396830,396938,397419,397423,397439,397459,397470,397498,397536,397596,397597,397979,397999,398014,398055,398104,398115,398169,398199,398234,398537,398568,398571,398578,398625,398718,398782,398817,398946,398984,399002,399032,399077,399081,399184,399324,399559,399672,399686,399725,399735,399760,399832,399833,399857,399900,399901,400356,400377,400401,400427,400431,400455,400469,400470,400650,401079,401087,401091,401129,401158,401179,401280,401580,401616,401623,401632,401715,401754,401924,401999,402058,402088,402099,402140,402182,402212,402228,402229,402270,402281,402324,402345,402353,402419,402458,402459,402480,402499,402589,402603,402631,402635,402681,402714,402818,402876,402918,402955,402956,403030,403085,403086,403093,403178,403198,403206,403235,403239,403267,403278,403315,403482,403493,403496,403537,403581,403582,403611,403621,403806,403819,403896,403942,403948,403951,404004,404060,404094,404113,404229,404240,404526,404559,404648,404657,404680,404689,404707,404708,404733,404928,404995,405218,405223,405237,405246,405252,405255,405257,405583,405597,405783,405818,405843,405917,405932,405938,406252,406385,406424,406435,406460,406502,406524,406525,406549,406820,406840,406973,407009,407051,407061,407078,407099,407130,407239,407240,407452,407487,407526,407538,407552,407571,407598,407616,407862,407863,407910,407994,408083,408088,408117,408123,408141,408199,408318,408462,408549,408557,408606,408627,408644,408702,408710,408757,408778,409037,409047,409065,409109,409189,409190,409342,409367,409673,409679,409697,409743,409818,409904,409916,410151,410217,410260,410365,410378,410379,410382,410481,410518,410591,410592,410699,410728,410961,410983,411031,411064,411085,411097,411140,411240,411537,411559,411644,411645,411652,411693,411714,411727,411751,411771,411772,411838,411912,412159,412202,412239,412254,412329,412369,412553,412606,412670,412727,412732,412758,412766,412942,413011,413067,413117,413147,413173,413196,413226,413340,413341,413358,413395,413446,413612,413738,413754,413785,413855,413867,413921,413999,414005,414024,414215,414223,414264,414269,414285,414294,414309,414421,414456,414457,414765,414850,414939,414949,414960,414984,414997,415000,415162,415389,415393,415427,415471,415504,415537,415540,415804,415828,415862,415940,415961,415977,416092,416163,416205,416212,416229,416244,416414,416466,416520,416549,416589,416601,416602,416608,416612,416644,416672,416915,416928,416930,416947,416951,416955,417013,417015,417170,417346,417541,417545,417592,417668,417710,417814,418145,418175,418194,418231,418244,418366,418402,418504,418663,418834,418854,418904,418918,418949,418957,419005,419023,419192,419377,419393,419457,419482,419495,419534,419535,419699,419767,419973,420021,420028,420052,420058,420128,420288,420408,420479,420493,420505,420522,420551,420630,420674,420709,420736,420784,420976,420998,421041,421099,421111,421123,421143,421186,421356,421576,421579,421596,421622,421656,421773,422076,422153,422164,422181,422202,422209,422225,422297,422769,422848,422906,422914,422944,423134,423235,423286,423357,423426,423441,423450,423455,423498,423633,423634,423685,424042,424075,424139,424183,424250,424252,424366,424499,424506,424509,424558,424608,424731,424883,424956,425089,425113,425234,425297,425323,425341,425475,425480,425489,425544,425547,425621,425673,425827,426057,426088,426126,426136,426163,426224,426307,426333,426352,426376,426540,426689,426696,426751,426790,426884,426886,426944,426958,426991,427361,427398,427459,427460,427505,427775,427821,427874,427942,427943,427989,427998,428018,428070,428091,428385,428390,428463,428538,428596,428632,428660,428735,428752,428753,428795,428825,428864,428897,428939,428997,429023,429437,429464,429479,429507,429597,429630,429660,429668,430105,430140,430206,430207,430243,430293,430379,430571,430628,430636,430654,430702,430714,430784,430878,430918,431033,431077,431185,431305,431321,431347,431391,431400,431447,431484,431591,431830,431846,431854,431875,431901,431914,432287,432290,432326,432392,432447,432504,432523,432661,432728,432737,432770,432771,432910,432934,432961,433029,433058,433063,433405,433435,433450,433473,433481,433500,433551,433577,433595,433886,434085,434156,434171,434172,434175,434179,434202,434226,434378,434640,434654,434744,434767,434787,434789,434838,434840,434843,434948,435198,435268,435271,435272,435309,435340,435341,435399,435708,435719,435740,435757,435777,435814,435821,436133,436163,436200,436201,436255,436432,436456,436537,436572,436590,436596,436676,436894,436945,437120,437135,437166,437198,437216,437222,437267,437325,437687,437688,437690,437711,437721,437758,437763,437776,437829,437838,437980,437997,438315,438343,438372,438374,438375,438384,438625,438711,438712,438956,438973,439011,439033,439073,439074,439150,439481,439510,439525,439539,439557,439560,439643,439977,440000,440005,440231,440293,440378,440381,440394,440417,440423,440583,440638,440690,440691,440772,440993,440996,441008,441009,441093,441108,441152,441184,441253,441294,441464,441589,441644,441669,441686,441696,441719,441868,441944,441956,442022,442115,442117,442120,442149,442221,442276,442284,442647,442733,442745,442747,442784,442793,442871,443003,443026,443197,443204,443254,443284,443319,443327,443339,443372,443373,443422,443459,443537,443566,443633,443664,443772,443773,443811,443836,443876,443989,444017,444024,444054,444083,444115,444197,444300,444320,444343,444344,444540,444555,444564,444620,444630,444631,444668,444746,444828,444829,444954,445028,445034,445037,445057,445058,445131,445142,445228,445294,445532,445541,445577,445626,445680,445757,445805,445806,445923,446049,446082,446093,446140,446151,446194,446196,446288,446289,446448,446564,446588,446612,446644,446671,446690,446787,446858,447045,447112,447116,447239,447262,447301,447310,447448,447456,447462,447505,447514,447532,447533,447537,447549,447793,447882,448017,448044,448047,448049,448068,448072,448077,448212,448238,448567,448588,448669,448679,448755,448772,448799,448800,449151,449164,449185,449193,449198,449207,449239,449268,449434,449801,449810,449814,449828,449829,449836,449837,449899,449977,450318,450358,450391,450448,450465,450480,450627,450754,450756,450821,450847,450888,450950,450973,451019,451173,451175,451187,451223,451405,451419,451420,451470,451503,451515,451579,451647,451724,451730,451869,451921,452025,452075,452076,452095,452106,452118,452121,452250,452506,452539,452557,452680,452758,452817,452823,452824,452848,452958,453141,453184,453213,453253,453268,453271,453289,453396,453405,453512,453849,453850,453874,453904,453950,453954,454013,454241,454258,454276,454324,454356,454367,454368,454428,454455,454487,454720,454734,454742,454764,454834,454847,454895,454896,455153,455220,455253,455297,455298,455369,455433,455491,455531,455681,455723,455776,455887,455905,455977,455979,456013,456024,456025,456168,456494,456543,456566,456568,456577,456623,456631,456634,456647,457310,457319,457504,457517,457589,457638,457712,457718,457815,458060,458069,458081,458115,458171,458392,458439,458440,458519,458647,458661,458699,458719,458750,459150,459153,459200,459218,459240,459241,459479,459513,459532,459543,459545,459719,459785,459978,460001,460030,460061,460123,460133,460299,460344,460358,460427,460491,460745,460756,460788,460789,460790,460797,460832,460915,460954,461029,461405,461534,461606,461613,461636,461686,461693,461723,462020,462030,462031,462257,462263,462418,462419,462420,462507,462508,462749,462752,462772,463006,463008,463082,463154,463212,463285,463380,463556,463590,463613,463624,463653,463724,463835,463847,463957,463982,463995,464096,464120,464149,464305,464335,464466,464619,464628,464646,464669,464700,464889,465006,465049,465106,465311,465327,465329,465330,465378,465429,465530,465848,465889,465964,466023,466059,466118,466309,466496,466500,466536,466597,466634,466635,466868,466887,466958,467073,467074,467149,467179,467239,467260,467286,467304,467330,467430,467631,467635,467671,467716,467722,467781,467904,467952,467957,468070,468127,468133,468215,468229,468250,468311,468322,468424,468777,468793,468832,468846,468850,468928,469080,469089,469172,469225,469268,469385,469470,469481,469546,469617,469686,469752,469753,469781,469891,470051,470089,470092,470095,470104,470325,470391,470413,470627,470661,470762,470805,470842,470864,470916,470920,470974,471021,471059,471163,471475,471486,471563,471564,471588,471698,471791,471912,471949,472005,472038,472053,472220,472363,472400,472465,472495,472518,472519,472541,472542,472617,472693,472739,473015,473023,473042,473148,473190,473193,473272,473300,473347,473348,473402,473416,473613,473645,473677,473712,473720,473729,473730,473778,473813,473920,474026,474155,474158,474208,474346,474369,474621,474628,474634,474668,474724,474780,474845,474901,474904,474933,474947,474985,474993,475036,475112,475116,475187,475190,475200,475231,475314,475380,475417,475426,475436,475450,475461,475503,475543,475560,475595,475649,475683,475707,475742,475752,475867,475873,475888,475915,475975,476028,476077,476111,476119,476183,476190,476345,476396,476425,476434,476449,476495,476641,476658,476756,476780,476849,476853,476894,476931,477100,477101,477113,477139,477240,477353,477421,477520,477574,477582,477601,477673,477742,477815,477938,477968,478018,478095,478123,478167,478197,478204,478220,478239,478250,478523,478572,478610,478636,478682,478721,478755,479048,479085,479102,479177,479276,479419,479474,479585,479625,479630,479633,479643,479655,479682,479759,479772,479951,479989,480024,480044,480169,480176,480368,480390,480402,480419,480477,480498,480519,480834,480836,481049,481182,481185,481203,481227,481249,481357,481366,481492,481596,481716,481746,481752,481753,481853,481859,482058,482088,482089,482197,482415,482449,482475,482476,482581,482626,482660,482722,482723,482990]"
	}
	  params_parsing_arrays=[yjId]
	skip_ssl_verification = true
	  params_add = true
	params_path = "$"
	format = "json"
	json_field = {
	WARN_ID= "$.params_yjId"
	TYPE= "$.detailsEntyList[*].type"
	}
	schema = {
	fields {
	WARN_ID = string
	TYPE = string
	      }
	    }
	  }
	}
	sink {
    Console{}
    }